1	1	3276800	94.81333333
1	3276801	6553600	96.27333333
1	6553601	9830400	95.13333333
1	9830401	13107200	94.99333333
1	13107201	16384000	95.2
1	16384001	19660800	95.58666667
1	19660801	22937600	96.71333333
1	22937601	26214400	96.22
1	26214401	29491200	96.30666667
1	29491201	32768000	96.91333333
1	32768001	36044800	96.04
1	36044801	39321600	96.05333333
1	39321601	42598400	95.73666667
1	42598401	45875200	95.76333333
1	45875201	49152000	95.00333333
1	49152001	52428800	95.76666667
1	52428801	55705600	95.95666667
1	55705601	58982400	95.78333333
1	58982401	62259200	95.50666667
1	62259201	65536000	96.46
1	65536001	68812800	94.38
1	68812801	72089600	96.12666667
1	72089601	75366400	93.84666667
1	75366401	78643200	96.53
1	78643201	81920000	95.85666667
1	81920001	85196800	93.1
1	85196801	88473600	94.38333333
1	88473601	91750400	95.06666667
1	91750401	95027200	97.29666667
1	95027201	98304000	96.02
1	98304001	101580800	95.04
1	101580801	104857600	95.52333333
1	104857601	108134400	96.1
1	108134401	111411200	94.20333333
1	111411201	114688000	94.43
1	114688001	117964800	95.36666667
1	117964801	121241600	95.44666667
1	121241601	124518400	94.27333333
1	124518401	127795200	96.01
1	127795201	131072000	95.53666667
1	131072001	134348800	93.79666667
1	134348801	137625600	95.65333333
1	137625601	140902400	94.64666667
1	140902401	144179200	94.88333333
1	144179201	147456000	95.33333333
1	147456001	150732800	95.25666667
1	150732801	154009600	95.91333333
1	154009601	157286400	96.14666667
1	157286401	160563200	97.96666667
1	160563201	161917960	96.60666667
10	1	3276800	95.64666667
10	3276801	6553600	94.83333333
10	6553601	9830400	94.86333333
10	9830401	13107200	94.99
10	13107201	16384000	94.56
10	16384001	19660800	96.25
10	19660801	22937600	91.42
10	22937601	26214400	91.37333333
10	26214401	29491200	95.11333333
10	29491201	32768000	95.81
10	32768001	36044800	92.02333333
10	36044801	39321600	94.36333333
10	39321601	42598400	92.72333333
10	42598401	45875200	94.43666667
10	45875201	49152000	96.42333333
10	49152001	52428800	96.11
10	52428801	55705600	95.31333333
10	55705601	58982400	94.25
10	58982401	62259200	96.12333333
10	62259201	65536000	94.55333333
10	65536001	68812800	94.15333333
10	68812801	72089600	93.30666667
10	72089601	75366400	94.50333333
10	75366401	78643200	95.21666667
10	78643201	81920000	94.24666667
10	81920001	85196800	94.89
10	85196801	88473600	94.19333333
10	88473601	91750400	96.52333333
10	91750401	95027200	96.76333333
10	95027201	98304000	96.88
10	98304001	101580800	96.86666667
10	101580801	103731018	96.93333333
11	1	3276800	94.76666667
11	3276801	6553600	95.89333333
11	6553601	9830400	95.71666667
11	9830401	13107200	92.54333333
11	13107201	16384000	94.94666667
11	16384001	19660800	96.21666667
11	19660801	22937600	95.34
11	22937601	26214400	96.22666667
11	26214401	29491200	94.28
11	29491201	32768000	95.35333333
11	32768001	36044800	96.42666667
11	36044801	39321600	94.68333333
11	39321601	42598400	96.39
11	42598401	45875200	94.79333333
11	45875201	49152000	94.71333333
11	49152001	52428800	93.56333333
11	52428801	55705600	95.82333333
11	55705601	58982400	95.7
11	58982401	62259200	95.07666667
11	62259201	65536000	94.51
11	65536001	68812800	95.64333333
11	68812801	72089600	94.42666667
11	72089601	75366400	93.18
11	75366401	78643200	95.66666667
11	78643201	81920000	95.90666667
11	81920001	85196800	96.18333333
11	85196801	88473600	96.15
11	88473601	91750400	96.06333333
11	91750401	95027200	96.73666667
11	95027201	98304000	95.26666667
11	98304001	101580800	94.60666667
11	101580801	104857600	93.24333333
11	104857601	108134400	95.21333333
11	108134401	111411200	95.09333333
12	1	3276800	96.30333333
12	3276801	6553600	94.78333333
12	6553601	9830400	96.28333333
12	9830401	13107200	96.86666667
12	13107201	16384000	95.33
12	16384001	19660800	94.54
12	19660801	22937600	95.95333333
12	22937601	26214400	96.45
12	26214401	29491200	96.14333333
12	29491201	32768000	94.07333333
12	32768001	36044800	95.16666667
12	36044801	39321600	96.25
12	39321601	42598400	96.49
12	42598401	45875200	95.58666667
12	45875201	49152000	96.99333333
12	49152001	52428800	96.07333333
12	52428801	55705600	95.44
12	55705601	58982400	96.18666667
12	58982401	62259200	96.30333333
12	62259201	65536000	95.96666667
12	65536001	68812800	96.38
12	68812801	72089600	95.52333333
12	72089601	75366400	96.29
12	75366401	78643200	96.22666667
12	78643201	81920000	96.94
12	81920001	85196800	96.80666667
12	85196801	87684794	95.67666667
13	1	3276800	95.91
13	3276801	6553600	96.21666667
13	6553601	9830400	97.27333333
13	9830401	13107200	95.73333333
13	13107201	16384000	97.03
13	16384001	19660800	96.27666667
13	19660801	22937600	95.91333333
13	22937601	26214400	94.28333333
13	26214401	29491200	95.59
13	29491201	32768000	95.72
13	32768001	36044800	95.99666667
13	36044801	39321600	94.73333333
13	39321601	42598400	94.44333333
13	42598401	45875200	95.48333333
13	45875201	49152000	95.35333333
13	49152001	52428800	95.22333333
13	52428801	55705600	92.08333333
13	55705601	58982400	95.86333333
13	58982401	62259200	94.22666667
13	62259201	65536000	93.89333333
13	65536001	68812800	94.18333333
13	68812801	72089600	95.13333333
13	72089601	75366400	94.98333333
13	75366401	78643200	93.93666667
13	78643201	81920000	95.87
13	81920001	85196800	96.93333333
14	1	3276800	95.74666667
14	3276801	6553600	95.50666667
14	6553601	9830400	95.9
14	9830401	13107200	92.41
14	13107201	16384000	96.58
14	16384001	19660800	96.03666667
14	19660801	22937600	96.75666667
14	22937601	26214400	96.3
14	26214401	29491200	94.86
14	29491201	32768000	95.71333333
14	32768001	36044800	95.27
14	36044801	39321600	96.55333333
14	39321601	42598400	94.34666667
14	42598401	45875200	96.37666667
14	45875201	49152000	95.72666667
14	49152001	52428800	96.28666667
14	52428801	55705600	95.72333333
14	55705601	58982400	96.36
14	58982401	62259200	97.10333333
14	62259201	65536000	96.24
14	65536001	68812800	95.5
14	68812801	72089600	96.91
14	72089601	75366400	95.52333333
14	75366401	78643200	96.01333333
14	78643201	81920000	96.01333333
14	81920001	85196800	96.02
14	85196801	88473600	95.77666667
14	88473601	91750400	96.40666667
14	91750401	95027200	96.76333333
15	1	3276800	94.43333333
15	3276801	6553600	95.49666667
15	6553601	9830400	95.95666667
15	9830401	13107200	94.90333333
15	13107201	16384000	94.4
15	16384001	19660800	94.61333333
15	19660801	22937600	95.09
15	22937601	26214400	95.92333333
15	26214401	29491200	96.35666667
15	29491201	32768000	93.63666667
15	32768001	36044800	96.01333333
15	36044801	39321600	94.5
15	39321601	42598400	95.97666667
15	42598401	45875200	95.33
15	45875201	49152000	95.12666667
15	49152001	52428800	94.88333333
15	52428801	55705600	94.33666667
15	55705601	58982400	94.29333333
15	58982401	62259200	95.89666667
15	62259201	65536000	95.27666667
15	65536001	68812800	94.41666667
15	68812801	72089600	95.9
15	72089601	75366400	96.29333333
15	75366401	78643200	94.92333333
15	78643201	81920000	94.94
15	81920001	85196800	95.62666667
15	85196801	86022100	96.62333333
16	1	3276800	94.69
16	3276801	6553600	94.52666667
16	6553601	9830400	95.11333333
16	9830401	13107200	96.44
16	13107201	16384000	96.21333333
16	16384001	19660800	96.74333333
16	19660801	22937600	96.04333333
16	22937601	26214400	94.73666667
16	26214401	29491200	94.68666667
16	29491201	32768000	95.95
16	32768001	36044800	95.63
16	36044801	39321600	95.11333333
16	39321601	42598400	94.73
16	42598401	45875200	94.81333333
16	45875201	49152000	95.47333333
16	49152001	52428800	92.25666667
16	52428801	55705600	95.72333333
16	55705601	58982400	96.01333333
16	58982401	62259200	96.34666667
16	62259201	65536000	95.61
16	65536001	68812800	95.88666667
16	68812801	72089600	96.74333333
16	72089601	75366400	95.33666667
16	75366401	78643200	96.12
16	78643201	81920000	96.40666667
16	81920001	83288587	95.57333333
17	1	3276800	93.89
17	3276801	6553600	96.06333333
17	6553601	9830400	97.19333333
17	9830401	13107200	95.67
17	13107201	16384000	96.13
17	16384001	19660800	95.18
17	19660801	22937600	96.75666667
17	22937601	26214400	95.79333333
17	26214401	29491200	96.71
17	29491201	32768000	95.67333333
17	32768001	36044800	96.17333333
17	36044801	39321600	95.92333333
17	39321601	42598400	95.53666667
17	42598401	45875200	94.77333333
17	45875201	49152000	95.45
17	49152001	52428800	95.1
17	52428801	55705600	93.03666667
17	55705601	58982400	94.39
17	58982401	62259200	95.27
17	62259201	65536000	92.65666667
17	65536001	68812800	95.05666667
17	68812801	72089600	94.87333333
17	72089601	75366400	93.40666667
18	1	3276800	94.92
18	3276801	6553600	97.43
18	6553601	9830400	96.79333333
18	9830401	13107200	95.52333333
18	13107201	16384000	95.91333333
18	16384001	19660800	94.44
18	19660801	22937600	94.66
18	22937601	26214400	96.72
18	26214401	29491200	94.02666667
18	29491201	32768000	96.33
18	32768001	36044800	97.10333333
18	36044801	39321600	93.43666667
18	39321601	42598400	95.75666667
18	42598401	45875200	96.38666667
18	45875201	49152000	94.13333333
18	49152001	52428800	89.09666667
18	52428801	55705600	89.72666667
18	55705601	58982400	87.89666667
18	58982401	62259200	86.87333333
18	62259201	65536000	90.10666667
18	65536001	67588387	90.47
19	1	3276800	96.15333333
19	3276801	6553600	95.00666667
19	6553601	9830400	95
19	9830401	13107200	94.44666667
19	13107201	16384000	94.44
19	16384001	19660800	95.11
19	19660801	22937600	93.17
19	22937601	26214400	93.55
19	26214401	29491200	88.30666667
19	29491201	32768000	96.62
19	32768001	36044800	93.71
19	36044801	39321600	90.29
19	39321601	42598400	90.03333333
19	42598401	45875200	88.52333333
19	45875201	49152000	93.3
19	49152001	52428800	94.11666667
19	52428801	55705600	92.21
19	55705601	58982400	92.69333333
19	58982401	62259200	96.65333333
19	62259201	65536000	97.00333333
2	1	3276800	94.13
2	3276801	6553600	94.47333333
2	6553601	9830400	95.59666667
2	9830401	13107200	95.17666667
2	13107201	16384000	95.27333333
2	16384001	19660800	96.63666667
2	19660801	22937600	93.52
2	22937601	26214400	95.48
2	26214401	29491200	92.87
2	29491201	32768000	96.47333333
2	32768001	36044800	96.47333333
2	36044801	39321600	95.66
2	39321601	42598400	96.27666667
2	42598401	45875200	95.10666667
2	45875201	49152000	95.68
2	49152001	52428800	96.70333333
2	52428801	55705600	97.05
2	55705601	58982400	96.85333333
2	58982401	62259200	95.98333333
2	62259201	65536000	95.75333333
2	65536001	68812800	96.19666667
2	68812801	72089600	95.98666667
2	72089601	75366400	94.82666667
2	75366401	78643200	95.25666667
2	78643201	81920000	95.5
2	81920001	85196800	95.11
2	85196801	88473600	96.39
2	88473601	91750400	95.00333333
2	91750401	95027200	94.31666667
2	95027201	98304000	96.73
2	98304001	101580800	94.85333333
2	101580801	104857600	96.23666667
2	104857601	108134400	96.46
2	108134401	111411200	94.82333333
2	111411201	114688000	94.34
2	114688001	117964800	94.68666667
2	117964801	121241600	96.26666667
2	121241601	124518400	95.30333333
2	124518401	127795200	93.45333333
2	127795201	131072000	92.7
2	131072001	134348800	92.34
2	134348801	137625600	94.90666667
2	137625601	140902400	94.95
2	140902401	142713314	95.63
20	1	3276800	96.70333333
20	3276801	6553600	95.33
20	6553601	9830400	94.46
20	9830401	13107200	95.42333333
20	13107201	16384000	94.81666667
20	16384001	19660800	95.89333333
20	19660801	22937600	96.18333333
20	22937601	26214400	95.13333333
20	26214401	29491200	94.38333333
20	29491201	32768000	95.5
20	32768001	36044800	94.52333333
20	36044801	39321600	95.69333333
20	39321601	42598400	94.53333333
20	42598401	45875200	96.31
20	45875201	49152000	96.49333333
20	49152001	52428800	96.49666667
20	52428801	55705600	96.61666667
20	55705601	58982400	96.21333333
20	58982401	62259200	96.68
20	62259201	65536000	96.11
20	65536001	68812800	96.93666667
20	68812801	72089600	97.18333333
20	72089601	74161552	96.81666667
21	1	3276800	94.97
21	3276801	6553600	95.87666667
21	6553601	9830400	96.22666667
21	9830401	13107200	96.28666667
21	13107201	16384000	95.69666667
21	16384001	19660800	96.00333333
21	19660801	22937600	93.21333333
21	22937601	26214400	95.10333333
21	26214401	29491200	94.97333333
21	29491201	32768000	95.09
21	32768001	36044800	93.38
21	36044801	39321600	96.89
21	39321601	42598400	94.97
21	42598401	45875200	95.61
21	45875201	49152000	92.69
21	49152001	52428800	94.09333333
21	52428801	55705600	95.3
21	55705601	58982400	94.13333333
21	58982401	62259200	96
21	62259201	65536000	96.85666667
21	65536001	68812800	96.18
21	68812801	71319391	94.7
22	1	3276800	95.27333333
22	3276801	6553600	97.03666667
22	6553601	9830400	95.83
22	9830401	13107200	94.97666667
22	13107201	16384000	94.91
22	16384001	19660800	94.57
22	19660801	22937600	95.96333333
22	22937601	26214400	96.81333333
22	26214401	29491200	96.79333333
22	29491201	32768000	97.15
22	32768001	36044800	96.22333333
22	36044801	39321600	96.23333333
22	39321601	42598400	96.16666667
22	42598401	45875200	95.79333333
22	45875201	49152000	96.48
22	49152001	52428800	92.73333333
22	52428801	55705600	93.62666667
22	55705601	58982400	95.66
22	58982401	62259200	95.11666667
22	62259201	63495901	96.25
23	1	3276800	95.69
23	3276801	6553600	95.98666667
23	6553601	9830400	93.54666667
23	9830401	13107200	94.86
23	13107201	16384000	95.70333333
23	16384001	19660800	92.80666667
23	19660801	22937600	95.84666667
23	22937601	26214400	93.40333333
23	26214401	29491200	86.86666667
23	29491201	32768000	76.93666667
23	32768001	36044800	96.01666667
23	36044801	39321600	96.44
23	39321601	42598400	96.08
23	42598401	45875200	96.95666667
23	45875201	49152000	95.73666667
23	49152001	52428800	96.27
23	52428801	53682125	96.96666667
24	1	3276800	95.84333333
24	3276801	6553600	96.26
24	6553601	9830400	96.65333333
24	9830401	13107200	96.38
24	13107201	16384000	95.38666667
24	16384001	19660800	96.82333333
24	19660801	22937600	95.71
24	22937601	26214400	95.61
24	26214401	29491200	95.97
24	29491201	32768000	96.39
24	32768001	36044800	96.32333333
24	36044801	39321600	94.53666667
24	39321601	42598400	95.59666667
24	42598401	45875200	95.25666667
24	45875201	49152000	96.49333333
24	49152001	52428800	95.50333333
24	52428801	55705600	95.69666667
24	55705601	58982400	97.02666667
24	58982401	62259200	96.05666667
24	62259201	65280213	97.24666667
25	1	3276800	91.21
25	3276801	6553600	93.45
25	6553601	9830400	96.01666667
25	9830401	13107200	96.01
25	13107201	16384000	95.61
25	16384001	19660800	95.39
25	19660801	22937600	94.48333333
25	22937601	26214400	95.83
25	26214401	29491200	91.62
25	29491201	32768000	95.99
25	32768001	36044800	96.06666667
25	36044801	39321600	91.67666667
25	39321601	42598400	94.48
25	42598401	45875200	95.78
26	1	3276800	94.91333333
26	3276801	6553600	95.53
26	6553601	9830400	95.74333333
26	9830401	13107200	94.95333333
26	13107201	16384000	94.53333333
26	16384001	19660800	94.31666667
26	19660801	22937600	88.28666667
26	22937601	26214400	93.44
26	26214401	29491200	96.28333333
26	29491201	32768000	95.41
26	32768001	36044800	96.38333333
26	36044801	39321600	95.76666667
26	39321601	42598400	95.74666667
26	42598401	45875200	95.32333333
26	45875201	49152000	97.44666667
26	49152001	52428800	96.41
27	1	3276800	96.55
27	3276801	6553600	96.51333333
27	6553601	9830400	96.88666667
27	9830401	13107200	96.24
27	13107201	16384000	95.20333333
27	16384001	19660800	96.68
27	19660801	22937600	96.41666667
27	22937601	26214400	95.67666667
27	26214401	29491200	96.42
27	29491201	32768000	96.34333333
27	32768001	36044800	95.62
27	36044801	39321600	96.34
27	39321601	42598400	97.41333333
27	42598401	45875200	97.04333333
27	45875201	47299517	97.32333333
28	1	3276800	95.58
28	3276801	6553600	94.68666667
28	6553601	9830400	94.29666667
28	9830401	13107200	93.56333333
28	13107201	16384000	96.34
28	16384001	19660800	95.54666667
28	19660801	22937600	96.81333333
28	22937601	26214400	92.62666667
28	26214401	29491200	94.31333333
28	29491201	32768000	96.79666667
28	32768001	36044800	95.61666667
28	36044801	39321600	95.71
28	39321601	42598400	96.14666667
28	42598401	45875200	96.10666667
29	1	3276800	96.03
29	3276801	6553600	95.63
29	6553601	9830400	95.77666667
29	9830401	13107200	95.30666667
29	13107201	16384000	96.44
29	16384001	19660800	95.75666667
29	19660801	22937600	95.24666667
29	22937601	26214400	95.41
29	26214401	29491200	94.14
29	29491201	32768000	95.78666667
29	32768001	36044800	96.48666667
29	36044801	39321600	95.18
29	39321601	42598400	92.2
29	42598401	45875200	89.15
29	45875201	49152000	93.04
29	49152001	52428800	96.27666667
3	1	3276800	94.20333333
3	3276801	6553600	95.7
3	6553601	9830400	93.41
3	9830401	13107200	93.96
3	13107201	16384000	89.29
3	16384001	19660800	92.35666667
3	19660801	22937600	86.67333333
3	22937601	26214400	94.41333333
3	26214401	29491200	95.03
3	29491201	32768000	94.41666667
3	32768001	36044800	93.70333333
3	36044801	39321600	95.03666667
3	39321601	42598400	95.37333333
3	42598401	45875200	94.21666667
3	45875201	49152000	96.41333333
3	49152001	52428800	95.66666667
3	52428801	55705600	93.95333333
3	55705601	58982400	95.74333333
3	58982401	62259200	94.6
3	62259201	65536000	97.41333333
3	65536001	68812800	97.17
3	68812801	72089600	94.93333333
3	72089601	75366400	95.89333333
3	75366401	78643200	94.89
3	78643201	81920000	95.07
3	81920001	85196800	95.36333333
3	85196801	88473600	96.3
3	88473601	91750400	95.37333333
3	91750401	95027200	95.79666667
3	95027201	98304000	93.99
3	98304001	101580800	95.73
3	101580801	104857600	92.22
3	104857601	108134400	94.35
3	108134401	111411200	93.1
3	111411201	114688000	94.29666667
3	114688001	117964800	96.25
3	117964801	121241600	96.27333333
3	121241601	123911021	95.37666667
4	1	3276800	95.08666667
4	3276801	6553600	96.36
4	6553601	9830400	96.32
4	9830401	13107200	96.27666667
4	13107201	16384000	94.93666667
4	16384001	19660800	96.12333333
4	19660801	22937600	95.81
4	22937601	26214400	96.16333333
4	26214401	29491200	95.96333333
4	29491201	32768000	94.65333333
4	32768001	36044800	95.48
4	36044801	39321600	96.64
4	39321601	42598400	96.96666667
4	42598401	45875200	95.64666667
4	45875201	49152000	95.45666667
4	49152001	52428800	95.98
4	52428801	55705600	96.29666667
4	55705601	58982400	96.24333333
4	58982401	62259200	96.61
4	62259201	65536000	94.43
4	65536001	68812800	95.16
4	68812801	72089600	92.91666667
4	72089601	75366400	95.51
4	75366401	78643200	95.19666667
4	78643201	81920000	94.84666667
4	81920001	85196800	95.74333333
4	85196801	88473600	96.08666667
4	88473601	91750400	94.29333333
4	91750401	95027200	96.07333333
4	95027201	98304000	94.24666667
4	98304001	101580800	96.71666667
4	101580801	104857600	95.95
4	104857601	108134400	95.20333333
4	108134401	111411200	95.38
4	111411201	114688000	96.15333333
4	114688001	117964800	94.19
4	117964801	121241600	96.29666667
4	121241601	123319836	96.02
5	1	3276800	95.33333333
5	3276801	6553600	95.33666667
5	6553601	9830400	96.45
5	9830401	13107200	95.77666667
5	13107201	16384000	95.52
5	16384001	19660800	96.32666667
5	19660801	22937600	96.59666667
5	22937601	26214400	95.46333333
5	26214401	29491200	90.44
5	29491201	32768000	91.98333333
5	32768001	36044800	94.25
5	36044801	39321600	95.42666667
5	39321601	42598400	95.72
5	42598401	45875200	95.70666667
5	45875201	49152000	95.49666667
5	49152001	52428800	94.77333333
5	52428801	55705600	96.07333333
5	55705601	58982400	89.50333333
5	58982401	62259200	95.82666667
5	62259201	65536000	95.03666667
5	65536001	68812800	94.06333333
5	68812801	72089600	94.45666667
5	72089601	75366400	95.71333333
5	75366401	78643200	94.65333333
5	78643201	81920000	95.35
5	81920001	85196800	95.51
5	85196801	88473600	97.08333333
5	88473601	91750400	95.98333333
5	91750401	95027200	96.54
5	95027201	98304000	95.24
5	98304001	101580800	94.66333333
5	101580801	104857600	91.88
5	104857601	108134400	95.46333333
5	108134401	111411200	94.28333333
5	111411201	114688000	92.48
5	114688001	117964800	95.27666667
5	117964801	121241600	96.66666667
5	121241601	123141556	95.70666667
6	1	3276800	94.88
6	3276801	6553600	94.81666667
6	6553601	9830400	94.28666667
6	9830401	13107200	95.73
6	13107201	16384000	95.29
6	16384001	19660800	95.4
6	19660801	22937600	95.43
6	22937601	26214400	95.49666667
6	26214401	29491200	96.23
6	29491201	32768000	96.18333333
6	32768001	36044800	97.46
6	36044801	39321600	95.10333333
6	39321601	42598400	96.45
6	42598401	45875200	96.56666667
6	45875201	49152000	96.11666667
6	49152001	52428800	96.58666667
6	52428801	55705600	96.52666667
6	55705601	58982400	96.39
6	58982401	62259200	95.57333333
6	62259201	65536000	93.98333333
6	65536001	68812800	95.08333333
6	68812801	72089600	95.02333333
6	72089601	75366400	94.3
6	75366401	78643200	96.47333333
6	78643201	81920000	96.2
6	81920001	85196800	96.48333333
6	85196801	88473600	95.11
6	88473601	91750400	95.70666667
6	91750401	95027200	95.55333333
6	95027201	98304000	95.50666667
6	98304001	101580800	94.58333333
6	101580801	104857600	95.82666667
6	104857601	108134400	95.05
6	108134401	111411200	95.72333333
6	111411201	114688000	96.49666667
6	114688001	117964800	95.55
6	117964801	120061775	96.50666667
7	1	3276800	93.69333333
7	3276801	6553600	90.94666667
7	6553601	9830400	92.55666667
7	9830401	13107200	88.66333333
7	13107201	16384000	90.63666667
7	16384001	19660800	89.30666667
7	19660801	22937600	94.76333333
7	22937601	26214400	95.53666667
7	26214401	29491200	96.22666667
7	29491201	32768000	96.03
7	32768001	36044800	96.07333333
7	36044801	39321600	92.68333333
7	39321601	42598400	88.40333333
7	42598401	45875200	90.82
7	45875201	49152000	94.66666667
7	49152001	52428800	90.70666667
7	52428801	55705600	96.66666667
7	55705601	58982400	95.13
7	58982401	62259200	94.25333333
7	62259201	65536000	95.65666667
7	65536001	68812800	94.21
7	68812801	72089600	94.69333333
7	72089601	75366400	94.76666667
7	75366401	78643200	97.01333333
7	78643201	81920000	97.07
7	81920001	85196800	96.26333333
7	85196801	88473600	95.61333333
7	88473601	91750400	95.14
7	91750401	95027200	96.96666667
7	95027201	98304000	95.34
7	98304001	101580800	96.44666667
7	101580801	104857600	96.94
7	104857601	108134400	97.5
7	108134401	111411200	97.57
8	1	3276800	96.25666667
8	3276801	6553600	94.47
8	6553601	9830400	94.19
8	9830401	13107200	94.60333333
8	13107201	16384000	95.53666667
8	16384001	19660800	96.1
8	19660801	22937600	94.73666667
8	22937601	26214400	95.30333333
8	26214401	29491200	96.49333333
8	29491201	32768000	95.82333333
8	32768001	36044800	96.93333333
8	36044801	39321600	96.82333333
8	39321601	42598400	96.37
8	42598401	45875200	94.76
8	45875201	49152000	95.09666667
8	49152001	52428800	95.77666667
8	52428801	55705600	95.85
8	55705601	58982400	97.21333333
8	58982401	62259200	93.06333333
8	62259201	65536000	94.57666667
8	65536001	68812800	95.85
8	68812801	72089600	93.96
8	72089601	75366400	93.77333333
8	75366401	78643200	92.82333333
8	78643201	81920000	96.17
8	81920001	85196800	95.01
8	85196801	88473600	95.55
8	88473601	91750400	95.35333333
8	91750401	95027200	95.61333333
8	95027201	98304000	95.74333333
8	98304001	101580800	96.11333333
8	101580801	104857600	94.76333333
8	104857601	108134400	97.05
8	108134401	111411200	96.57666667
8	111411201	114688000	96.29
8	114688001	115850422	96.06666667
9	1	3276800	94.96
9	3276801	6553600	95.64333333
9	6553601	9830400	96.53333333
9	9830401	13107200	95.20666667
9	13107201	16384000	95.88
9	16384001	19660800	95.79333333
9	19660801	22937600	95.29
9	22937601	26214400	96.12333333
9	26214401	29491200	94.68333333
9	29491201	32768000	94.15
9	32768001	36044800	96.06666667
9	36044801	39321600	94.01333333
9	39321601	42598400	94.72333333
9	42598401	45875200	95.82
9	45875201	49152000	96.66
9	49152001	52428800	95.03333333
9	52428801	55705600	94.84333333
9	55705601	58982400	96.47333333
9	58982401	62259200	94.79666667
9	62259201	65536000	95.33333333
9	65536001	68812800	95.73666667
9	68812801	72089600	96.13
9	72089601	75366400	95.8
9	75366401	78643200	96.10666667
9	78643201	81920000	96.76666667
9	81920001	85196800	96.36
9	85196801	88473600	96.81333333
9	88473601	91750400	96.26666667
9	91750401	95027200	96.45
